0.000000 0.500000
0.010000 0.695707
0.020000 0.866825
0.030000 0.994270
0.040000 1.068516
0.050000 1.091164
0.060000 1.073680
0.070000 1.033753
0.080000 0.990359
0.090000 0.958932
0.100000 0.947944
0.110000 0.957739
0.120000 0.981754
0.130000 1.009589
0.140000 1.030860
0.150000 1.038618
0.160000 1.031316
0.170000 1.012847
0.180000 0.990762
0.190000 0.973399
0.200000 0.966913
0.210000 0.973226
0.220000 0.989528
0.230000 1.009449
0.240000 1.025442
0.250000 1.031527
0.260000 1.025442
0.270000 1.009449
0.280000 0.989528
0.290000 0.973226
0.300000 0.966913
0.310000 0.973399
0.320000 0.990762
0.330000 1.012847
0.340000 1.031316
0.350000 1.038618
0.360000 1.030860
0.370000 1.009589
0.380000 0.981754
0.390000 0.957739
0.400000 0.947944
0.410000 0.958932
0.420000 0.990359
0.430000 1.033753
0.440000 1.073680
0.450000 1.091164
0.460000 1.068516
0.470000 0.994270
0.480000 0.866825
0.490000 0.695707
0.500000 0.500000
0.510000 0.304293
0.520000 0.133175
0.530000 0.005730
0.540000 -0.068516
0.550000 -0.091164
0.560000 -0.073680
0.570000 -0.033753
0.580000 0.009641
0.590000 0.041068
0.600000 0.052056
0.610000 0.042261
0.620000 0.018246
0.630000 -0.009589
0.640000 -0.030860
0.650000 -0.038618
0.660000 -0.031316
0.670000 -0.012847
0.680000 0.009238
0.690000 0.026601
0.700000 0.033087
0.710000 0.026774
0.720000 0.010472
0.730000 -0.009449
0.740000 -0.025442
0.750000 -0.031527
0.760000 -0.025442
0.770000 -0.009449
0.780000 0.010472
0.790000 0.026774
0.800000 0.033087
0.810000 0.026601
0.820000 0.009238
0.830000 -0.012847
0.840000 -0.031316
0.850000 -0.038618
0.860000 -0.030860
0.870000 -0.009589
0.880000 0.018246
0.890000 0.042261
0.900000 0.052056
0.910000 0.041068
0.920000 0.009641
0.930000 -0.033753
0.940000 -0.073680
0.950000 -0.091164
0.960000 -0.068516
0.970000 0.005730
0.980000 0.133175
0.990000 0.304293
1.000000 0.500000
1.010000 0.695707
1.020000 0.866825
1.030000 0.994270
1.040000 1.068516
1.050000 1.091164
1.060000 1.073680
1.070000 1.033753
1.080000 0.990359
1.090000 0.958932
1.100000 0.947944
1.110000 0.957739
1.120000 0.981754
1.130000 1.009589
1.140000 1.030860
1.150000 1.038618
1.160000 1.031316
1.170000 1.012847
1.180000 0.990762
1.190000 0.973399
1.200000 0.966913
1.210000 0.973226
1.220000 0.989528
1.230000 1.009449
1.240000 1.025442
1.250000 1.031527
1.260000 1.025442
1.270000 1.009449
1.280000 0.989528
1.290000 0.973226
1.300000 0.966913
1.310000 0.973399
1.320000 0.990762
1.330000 1.012847
1.340000 1.031316
1.350000 1.038618
1.360000 1.030860
1.370000 1.009589
1.380000 0.981754
1.390000 0.957739
1.400000 0.947944
1.410000 0.958932
1.420000 0.990359
1.430000 1.033753
1.440000 1.073680
1.450000 1.091164
1.460000 1.068516
1.470000 0.994270
1.480000 0.866825
1.490000 0.695707
1.500000 0.500000
1.510000 0.304293
1.520000 0.133175
1.530000 0.005730
1.540000 -0.068516
1.550000 -0.091164
1.560000 -0.073680
1.570000 -0.033753
1.580000 0.009641
1.590000 0.041068
1.600000 0.052056
1.610000 0.042261
1.620000 0.018246
1.630000 -0.009589
1.640000 -0.030860
1.650000 -0.038618
1.660000 -0.031316
1.670000 -0.012847
1.680000 0.009238
1.690000 0.026601
1.700000 0.033087
1.710000 0.026774
1.720000 0.010472
1.730000 -0.009449
1.740000 -0.025442
1.750000 -0.031527
1.760000 -0.025442
1.770000 -0.009449
1.780000 0.010472
1.790000 0.026774
1.800000 0.033087
1.810000 0.026601
1.820000 0.009238
1.830000 -0.012847
1.840000 -0.031316
1.850000 -0.038618
1.860000 -0.030860
1.870000 -0.009589
1.880000 0.018246
1.890000 0.042261
1.900000 0.052056
1.910000 0.041068
1.920000 0.009641
1.930000 -0.033753
1.940000 -0.073680
1.950000 -0.091164
1.960000 -0.068516
1.970000 0.005730
1.980000 0.133175
1.990000 0.304293
2.000000 0.500000
2.010000 0.695707
2.020000 0.866825
2.030000 0.994270
2.040000 1.068516
2.050000 1.091164
2.060000 1.073680
2.070000 1.033753
2.080000 0.990359
2.090000 0.958932
2.100000 0.947944
2.110000 0.957739
2.120000 0.981754
2.130000 1.009589
2.140000 1.030860
2.150000 1.038618
2.160000 1.031316
2.170000 1.012847
2.180000 0.990762
2.190000 0.973399
2.200000 0.966913
2.210000 0.973226
2.220000 0.989528
2.230000 1.009449
2.240000 1.025442
2.250000 1.031527
2.260000 1.025442
2.270000 1.009449
2.280000 0.989528
2.290000 0.973226
2.300000 0.966913
2.310000 0.973399
2.320000 0.990762
2.330000 1.012847
2.340000 1.031316
2.350000 1.038618
2.360000 1.030860
2.370000 1.009589
2.380000 0.981754
2.390000 0.957739
2.400000 0.947944
2.410000 0.958932
2.420000 0.990359
2.430000 1.033753
2.440000 1.073680
2.450000 1.091164
2.460000 1.068516
2.470000 0.994270
2.480000 0.866825
2.490000 0.695707
2.500000 0.500000
2.510000 0.304293
2.520000 0.133175
2.530000 0.005730
2.540000 -0.068516
2.550000 -0.091164
2.560000 -0.073680
2.570000 -0.033753
2.580000 0.009641
2.590000 0.041068
2.600000 0.052056
2.610000 0.042261
2.620000 0.018246
2.630000 -0.009589
2.640000 -0.030860
2.650000 -0.038618
2.660000 -0.031316
2.670000 -0.012847
2.680000 0.009238
2.690000 0.026601
2.700000 0.033087
2.710000 0.026774
2.720000 0.010472
2.730000 -0.009449
2.740000 -0.025442
2.750000 -0.031527
2.760000 -0.025442
2.770000 -0.009449
2.780000 0.010472
2.790000 0.026774
2.800000 0.033087
2.810000 0.026601
2.820000 0.009238
2.830000 -0.012847
2.840000 -0.031316
2.850000 -0.038618
2.860000 -0.030860
2.870000 -0.009589
2.880000 0.018246
2.890000 0.042261
2.900000 0.052056
2.910000 0.041068
2.920000 0.009641
2.930000 -0.033753
2.940000 -0.073680
2.950000 -0.091164
2.960000 -0.068516
2.970000 0.005730
2.980000 0.133175
2.990000 0.304293
3.000000 0.500000
3.010000 0.695707
3.020000 0.866825
3.030000 0.994270
3.040000 1.068516
3.050000 1.091164
3.060000 1.073680
3.070000 1.033753
3.080000 0.990359
3.090000 0.958932
3.100000 0.947944
3.110000 0.957739
3.120000 0.981754
3.130000 1.009589
3.140000 1.030860
3.150000 1.038618
3.160000 1.031316
3.170000 1.012847
3.180000 0.990762
3.190000 0.973399
3.200000 0.966913
3.210000 0.973226
3.220000 0.989528
3.230000 1.009449
3.240000 1.025442
3.250000 1.031527
3.260000 1.025442
3.270000 1.009449
3.280000 0.989528
3.290000 0.973226
3.300000 0.966913
3.310000 0.973399
3.320000 0.990762
3.330000 1.012847
3.340000 1.031316
3.350000 1.038618
3.360000 1.030860
3.370000 1.009589
3.380000 0.981754
3.390000 0.957739
3.400000 0.947944
3.410000 0.958932
3.420000 0.990359
3.430000 1.033753
3.440000 1.073680
3.450000 1.091164
3.460000 1.068516
3.470000 0.994270
3.480000 0.866825
3.490000 0.695707
3.500000 0.500000
3.510000 0.304293
3.520000 0.133175
3.530000 0.005730
3.540000 -0.068516
3.550000 -0.091164
3.560000 -0.073680
3.570000 -0.033753
3.580000 0.009641
3.590000 0.041068
3.600000 0.052056
3.610000 0.042261
3.620000 0.018246
3.630000 -0.009589
3.640000 -0.030860
3.650000 -0.038618
3.660000 -0.031316
3.670000 -0.012847
3.680000 0.009238
3.690000 0.026601
3.700000 0.033087
3.710000 0.026774
3.720000 0.010472
3.730000 -0.009449
3.740000 -0.025442
3.750000 -0.031527
3.760000 -0.025442
3.770000 -0.009449
3.780000 0.010472
3.790000 0.026774
3.800000 0.033087
3.810000 0.026601
3.820000 0.009238
3.830000 -0.012847
3.840000 -0.031316
3.850000 -0.038618
3.860000 -0.030860
3.870000 -0.009589
3.880000 0.018246
3.890000 0.042261
3.900000 0.052056
3.910000 0.041068
3.920000 0.009641
3.930000 -0.033753
3.940000 -0.073680
3.950000 -0.091164
3.960000 -0.068516
3.970000 0.005730
3.980000 0.133175
3.990000 0.304293
4.000000 0.500000
4.010000 0.695707
4.020000 0.866825
4.030000 0.994270
4.040000 1.068516
4.050000 1.091164
4.060000 1.073680
4.070000 1.033753
4.080000 0.990359
4.090000 0.958932
4.100000 0.947944
4.110000 0.957739
4.120000 0.981754
4.130000 1.009589
4.140000 1.030860
4.150000 1.038618
4.160000 1.031316
4.170000 1.012847
4.180000 0.990762
4.190000 0.973399
4.200000 0.966913
4.210000 0.973226
4.220000 0.989528
4.230000 1.009449
4.240000 1.025442
4.250000 1.031527
4.260000 1.025442
4.270000 1.009449
4.280000 0.989528
4.290000 0.973226
4.300000 0.966913
4.310000 0.973399
4.320000 0.990762
4.330000 1.012847
4.340000 1.031316
4.350000 1.038618
4.360000 1.030860
4.370000 1.009589
4.380000 0.981754
4.390000 0.957739
4.400000 0.947944
4.410000 0.958932
4.420000 0.990359
4.430000 1.033753
4.440000 1.073680
4.450000 1.091164
4.460000 1.068516
4.470000 0.994270
4.480000 0.866825
4.490000 0.695707
4.500000 0.500000
4.510000 0.304293
4.520000 0.133175
4.530000 0.005730
4.540000 -0.068516
4.550000 -0.091164
4.560000 -0.073680
4.570000 -0.033753
4.580000 0.009641
4.590000 0.041068
4.600000 0.052056
4.610000 0.042261
4.620000 0.018246
4.630000 -0.009589
4.640000 -0.030860
4.650000 -0.038618
4.660000 -0.031316
4.670000 -0.012847
4.680000 0.009238
4.690000 0.026601
4.700000 0.033087
4.710000 0.026774
4.720000 0.010472
4.730000 -0.009449
4.740000 -0.025442
4.750000 -0.031527
4.760000 -0.025442
4.770000 -0.009449
4.780000 0.010472
4.790000 0.026774
4.800000 0.033087
4.810000 0.026601
4.820000 0.009238
4.830000 -0.012847
4.840000 -0.031316
4.850000 -0.038618
4.860000 -0.030860
4.870000 -0.009589
4.880000 0.018246
4.890000 0.042261
4.900000 0.052056
4.910000 0.041068
4.920000 0.009641
4.930000 -0.033753
4.940000 -0.073680
4.950000 -0.091164
4.960000 -0.068516
4.970000 0.005730
4.980000 0.133175
4.990000 0.304293
