0.000000 0.500000
0.010000 0.579737
0.020000 0.657908
0.030000 0.732997
0.040000 0.803586
0.050000 0.868405
0.060000 0.926366
0.070000 0.976599
0.080000 1.018482
0.090000 1.051651
0.100000 1.076016
0.110000 1.091755
0.120000 1.099304
0.130000 1.099341
0.140000 1.092755
0.150000 1.080612
0.160000 1.064112
0.170000 1.044550
0.180000 1.023257
0.190000 1.001561
0.200000 0.980729
0.210000 0.961927
0.220000 0.946172
0.230000 0.934295
0.240000 0.926916
0.250000 0.924413
0.260000 0.926916
0.270000 0.934295
0.280000 0.946172
0.290000 0.961927
0.300000 0.980729
0.310000 1.001561
0.320000 1.023257
0.330000 1.044550
0.340000 1.064112
0.350000 1.080612
0.360000 1.092755
0.370000 1.099341
0.380000 1.099304
0.390000 1.091755
0.400000 1.076016
0.410000 1.051651
0.420000 1.018482
0.430000 0.976599
0.440000 0.926366
0.450000 0.868405
0.460000 0.803586
0.470000 0.732997
0.480000 0.657908
0.490000 0.579737
0.500000 0.500000
0.510000 0.420263
0.520000 0.342092
0.530000 0.267003
0.540000 0.196414
0.550000 0.131595
0.560000 0.073634
0.570000 0.023401
0.580000 -0.018482
0.590000 -0.051651
0.600000 -0.076016
0.610000 -0.091755
0.620000 -0.099304
0.630000 -0.099341
0.640000 -0.092755
0.650000 -0.080612
0.660000 -0.064112
0.670000 -0.044550
0.680000 -0.023257
0.690000 -0.001561
0.700000 0.019271
0.710000 0.038073
0.720000 0.053828
0.730000 0.065705
0.740000 0.073084
0.750000 0.075587
0.760000 0.073084
0.770000 0.065705
0.780000 0.053828
0.790000 0.038073
0.800000 0.019271
0.810000 -0.001561
0.820000 -0.023257
0.830000 -0.044550
0.840000 -0.064112
0.850000 -0.080612
0.860000 -0.092755
0.870000 -0.099341
0.880000 -0.099304
0.890000 -0.091755
0.900000 -0.076016
0.910000 -0.051651
0.920000 -0.018482
0.930000 0.023401
0.940000 0.073634
0.950000 0.131595
0.960000 0.196414
0.970000 0.267003
0.980000 0.342092
0.990000 0.420263
1.000000 0.500000
1.010000 0.579737
1.020000 0.657908
1.030000 0.732997
1.040000 0.803586
1.050000 0.868405
1.060000 0.926366
1.070000 0.976599
1.080000 1.018482
1.090000 1.051651
1.100000 1.076016
1.110000 1.091755
1.120000 1.099304
1.130000 1.099341
1.140000 1.092755
1.150000 1.080612
1.160000 1.064112
1.170000 1.044550
1.180000 1.023257
1.190000 1.001561
1.200000 0.980729
1.210000 0.961927
1.220000 0.946172
1.230000 0.934295
1.240000 0.926916
1.250000 0.924413
1.260000 0.926916
1.270000 0.934295
1.280000 0.946172
1.290000 0.961927
1.300000 0.980729
1.310000 1.001561
1.320000 1.023257
1.330000 1.044550
1.340000 1.064112
1.350000 1.080612
1.360000 1.092755
1.370000 1.099341
1.380000 1.099304
1.390000 1.091755
1.400000 1.076016
1.410000 1.051651
1.420000 1.018482
1.430000 0.976599
1.440000 0.926366
1.450000 0.868405
1.460000 0.803586
1.470000 0.732997
1.480000 0.657908
1.490000 0.579737
1.500000 0.500000
1.510000 0.420263
1.520000 0.342092
1.530000 0.267003
1.540000 0.196414
1.550000 0.131595
1.560000 0.073634
1.570000 0.023401
1.580000 -0.018482
1.590000 -0.051651
1.600000 -0.076016
1.610000 -0.091755
1.620000 -0.099304
1.630000 -0.099341
1.640000 -0.092755
1.650000 -0.080612
1.660000 -0.064112
1.670000 -0.044550
1.680000 -0.023257
1.690000 -0.001561
1.700000 0.019271
1.710000 0.038073
1.720000 0.053828
1.730000 0.065705
1.740000 0.073084
1.750000 0.075587
1.760000 0.073084
1.770000 0.065705
1.780000 0.053828
1.790000 0.038073
1.800000 0.019271
1.810000 -0.001561
1.820000 -0.023257
1.830000 -0.044550
1.840000 -0.064112
1.850000 -0.080612
1.860000 -0.092755
1.870000 -0.099341
1.880000 -0.099304
1.890000 -0.091755
1.900000 -0.076016
1.910000 -0.051651
1.920000 -0.018482
1.930000 0.023401
1.940000 0.073634
1.950000 0.131595
1.960000 0.196414
1.970000 0.267003
1.980000 0.342092
1.990000 0.420263
2.000000 0.500000
2.010000 0.579737
2.020000 0.657908
2.030000 0.732997
2.040000 0.803586
2.050000 0.868405
2.060000 0.926366
2.070000 0.976599
2.080000 1.018482
2.090000 1.051651
2.100000 1.076016
2.110000 1.091755
2.120000 1.099304
2.130000 1.099341
2.140000 1.092755
2.150000 1.080612
2.160000 1.064112
2.170000 1.044550
2.180000 1.023257
2.190000 1.001561
2.200000 0.980729
2.210000 0.961927
2.220000 0.946172
2.230000 0.934295
2.240000 0.926916
2.250000 0.924413
2.260000 0.926916
2.270000 0.934295
2.280000 0.946172
2.290000 0.961927
2.300000 0.980729
2.310000 1.001561
2.320000 1.023257
2.330000 1.044550
2.340000 1.064112
2.350000 1.080612
2.360000 1.092755
2.370000 1.099341
2.380000 1.099304
2.390000 1.091755
2.400000 1.076016
2.410000 1.051651
2.420000 1.018482
2.430000 0.976599
2.440000 0.926366
2.450000 0.868405
2.460000 0.803586
2.470000 0.732997
2.480000 0.657908
2.490000 0.579737
2.500000 0.500000
2.510000 0.420263
2.520000 0.342092
2.530000 0.267003
2.540000 0.196414
2.550000 0.131595
2.560000 0.073634
2.570000 0.023401
2.580000 -0.018482
2.590000 -0.051651
2.600000 -0.076016
2.610000 -0.091755
2.620000 -0.099304
2.630000 -0.099341
2.640000 -0.092755
2.650000 -0.080612
2.660000 -0.064112
2.670000 -0.044550
2.680000 -0.023257
2.690000 -0.001561
2.700000 0.019271
2.710000 0.038073
2.720000 0.053828
2.730000 0.065705
2.740000 0.073084
2.750000 0.075587
2.760000 0.073084
2.770000 0.065705
2.780000 0.053828
2.790000 0.038073
2.800000 0.019271
2.810000 -0.001561
2.820000 -0.023257
2.830000 -0.044550
2.840000 -0.064112
2.850000 -0.080612
2.860000 -0.092755
2.870000 -0.099341
2.880000 -0.099304
2.890000 -0.091755
2.900000 -0.076016
2.910000 -0.051651
2.920000 -0.018482
2.930000 0.023401
2.940000 0.073634
2.950000 0.131595
2.960000 0.196414
2.970000 0.267003
2.980000 0.342092
2.990000 0.420263
3.000000 0.500000
3.010000 0.579737
3.020000 0.657908
3.030000 0.732997
3.040000 0.803586
3.050000 0.868405
3.060000 0.926366
3.070000 0.976599
3.080000 1.018482
3.090000 1.051651
3.100000 1.076016
3.110000 1.091755
3.120000 1.099304
3.130000 1.099341
3.140000 1.092755
3.150000 1.080612
3.160000 1.064112
3.170000 1.044550
3.180000 1.023257
3.190000 1.001561
3.200000 0.980729
3.210000 0.961927
3.220000 0.946172
3.230000 0.934295
3.240000 0.926916
3.250000 0.924413
3.260000 0.926916
3.270000 0.934295
3.280000 0.946172
3.290000 0.961927
3.300000 0.980729
3.310000 1.001561
3.320000 1.023257
3.330000 1.044550
3.340000 1.064112
3.350000 1.080612
3.360000 1.092755
3.370000 1.099341
3.380000 1.099304
3.390000 1.091755
3.400000 1.076016
3.410000 1.051651
3.420000 1.018482
3.430000 0.976599
3.440000 0.926366
3.450000 0.868405
3.460000 0.803586
3.470000 0.732997
3.480000 0.657908
3.490000 0.579737
3.500000 0.500000
3.510000 0.420263
3.520000 0.342092
3.530000 0.267003
3.540000 0.196414
3.550000 0.131595
3.560000 0.073634
3.570000 0.023401
3.580000 -0.018482
3.590000 -0.051651
3.600000 -0.076016
3.610000 -0.091755
3.620000 -0.099304
3.630000 -0.099341
3.640000 -0.092755
3.650000 -0.080612
3.660000 -0.064112
3.670000 -0.044550
3.680000 -0.023257
3.690000 -0.001561
3.700000 0.019271
3.710000 0.038073
3.720000 0.053828
3.730000 0.065705
3.740000 0.073084
3.750000 0.075587
3.760000 0.073084
3.770000 0.065705
3.780000 0.053828
3.790000 0.038073
3.800000 0.019271
3.810000 -0.001561
3.820000 -0.023257
3.830000 -0.044550
3.840000 -0.064112
3.850000 -0.080612
3.860000 -0.092755
3.870000 -0.099341
3.880000 -0.099304
3.890000 -0.091755
3.900000 -0.076016
3.910000 -0.051651
3.920000 -0.018482
3.930000 0.023401
3.940000 0.073634
3.950000 0.131595
3.960000 0.196414
3.970000 0.267003
3.980000 0.342092
3.990000 0.420263
4.000000 0.500000
4.010000 0.579737
4.020000 0.657908
4.030000 0.732997
4.040000 0.803586
4.050000 0.868405
4.060000 0.926366
4.070000 0.976599
4.080000 1.018482
4.090000 1.051651
4.100000 1.076016
4.110000 1.091755
4.120000 1.099304
4.130000 1.099341
4.140000 1.092755
4.150000 1.080612
4.160000 1.064112
4.170000 1.044550
4.180000 1.023257
4.190000 1.001561
4.200000 0.980729
4.210000 0.961927
4.220000 0.946172
4.230000 0.934295
4.240000 0.926916
4.250000 0.924413
4.260000 0.926916
4.270000 0.934295
4.280000 0.946172
4.290000 0.961927
4.300000 0.980729
4.310000 1.001561
4.320000 1.023257
4.330000 1.044550
4.340000 1.064112
4.350000 1.080612
4.360000 1.092755
4.370000 1.099341
4.380000 1.099304
4.390000 1.091755
4.400000 1.076016
4.410000 1.051651
4.420000 1.018482
4.430000 0.976599
4.440000 0.926366
4.450000 0.868405
4.460000 0.803586
4.470000 0.732997
4.480000 0.657908
4.490000 0.579737
4.500000 0.500000
4.510000 0.420263
4.520000 0.342092
4.530000 0.267003
4.540000 0.196414
4.550000 0.131595
4.560000 0.073634
4.570000 0.023401
4.580000 -0.018482
4.590000 -0.051651
4.600000 -0.076016
4.610000 -0.091755
4.620000 -0.099304
4.630000 -0.099341
4.640000 -0.092755
4.650000 -0.080612
4.660000 -0.064112
4.670000 -0.044550
4.680000 -0.023257
4.690000 -0.001561
4.700000 0.019271
4.710000 0.038073
4.720000 0.053828
4.730000 0.065705
4.740000 0.073084
4.750000 0.075587
4.760000 0.073084
4.770000 0.065705
4.780000 0.053828
4.790000 0.038073
4.800000 0.019271
4.810000 -0.001561
4.820000 -0.023257
4.830000 -0.044550
4.840000 -0.064112
4.850000 -0.080612
4.860000 -0.092755
4.870000 -0.099341
4.880000 -0.099304
4.890000 -0.091755
4.900000 -0.076016
4.910000 -0.051651
4.920000 -0.018482
4.930000 0.023401
4.940000 0.073634
4.950000 0.131595
4.960000 0.196414
4.970000 0.267003
4.980000 0.342092
4.990000 0.420263
