0.000000 0.500000
0.010000 0.619083
0.020000 0.732747
0.030000 0.836004
0.040000 0.924679
0.050000 0.995729
0.060000 1.047458
0.070000 1.079606
0.080000 1.093321
0.090000 1.090996
0.100000 1.076016
0.110000 1.052410
0.120000 1.024465
0.130000 0.996334
0.140000 0.971663
0.150000 0.953288
0.160000 0.943020
0.170000 0.941542
0.180000 0.948418
0.190000 0.962216
0.200000 0.980729
0.210000 1.001273
0.220000 1.021011
0.230000 1.037302
0.240000 1.048008
0.250000 1.051737
0.260000 1.048008
0.270000 1.037302
0.280000 1.021011
0.290000 1.001273
0.300000 0.980729
0.310000 0.962216
0.320000 0.948418
0.330000 0.941542
0.340000 0.943020
0.350000 0.953288
0.360000 0.971663
0.370000 0.996334
0.380000 1.024465
0.390000 1.052410
0.400000 1.076016
0.410000 1.090996
0.420000 1.093321
0.430000 1.079606
0.440000 1.047458
0.450000 0.995729
0.460000 0.924679
0.470000 0.836004
0.480000 0.732747
0.490000 0.619083
0.500000 0.500000
0.510000 0.380917
0.520000 0.267253
0.530000 0.163996
0.540000 0.075321
0.550000 0.004271
0.560000 -0.047458
0.570000 -0.079606
0.580000 -0.093321
0.590000 -0.090996
0.600000 -0.076016
0.610000 -0.052410
0.620000 -0.024465
0.630000 0.003666
0.640000 0.028337
0.650000 0.046712
0.660000 0.056980
0.670000 0.058458
0.680000 0.051582
0.690000 0.037784
0.700000 0.019271
0.710000 -0.001273
0.720000 -0.021011
0.730000 -0.037302
0.740000 -0.048008
0.750000 -0.051737
0.760000 -0.048008
0.770000 -0.037302
0.780000 -0.021011
0.790000 -0.001273
0.800000 0.019271
0.810000 0.037784
0.820000 0.051582
0.830000 0.058458
0.840000 0.056980
0.850000 0.046712
0.860000 0.028337
0.870000 0.003666
0.880000 -0.024465
0.890000 -0.052410
0.900000 -0.076016
0.910000 -0.090996
0.920000 -0.093321
0.930000 -0.079606
0.940000 -0.047458
0.950000 0.004271
0.960000 0.075321
0.970000 0.163996
0.980000 0.267253
0.990000 0.380917
1.000000 0.500000
1.010000 0.619083
1.020000 0.732747
1.030000 0.836004
1.040000 0.924679
1.050000 0.995729
1.060000 1.047458
1.070000 1.079606
1.080000 1.093321
1.090000 1.090996
1.100000 1.076016
1.110000 1.052410
1.120000 1.024465
1.130000 0.996334
1.140000 0.971663
1.150000 0.953288
1.160000 0.943020
1.170000 0.941542
1.180000 0.948418
1.190000 0.962216
1.200000 0.980729
1.210000 1.001273
1.220000 1.021011
1.230000 1.037302
1.240000 1.048008
1.250000 1.051737
1.260000 1.048008
1.270000 1.037302
1.280000 1.021011
1.290000 1.001273
1.300000 0.980729
1.310000 0.962216
1.320000 0.948418
1.330000 0.941542
1.340000 0.943020
1.350000 0.953288
1.360000 0.971663
1.370000 0.996334
1.380000 1.024465
1.390000 1.052410
1.400000 1.076016
1.410000 1.090996
1.420000 1.093321
1.430000 1.079606
1.440000 1.047458
1.450000 0.995729
1.460000 0.924679
1.470000 0.836004
1.480000 0.732747
1.490000 0.619083
1.500000 0.500000
1.510000 0.380917
1.520000 0.267253
1.530000 0.163996
1.540000 0.075321
1.550000 0.004271
1.560000 -0.047458
1.570000 -0.079606
1.580000 -0.093321
1.590000 -0.090996
1.600000 -0.076016
1.610000 -0.052410
1.620000 -0.024465
1.630000 0.003666
1.640000 0.028337
1.650000 0.046712
1.660000 0.056980
1.670000 0.058458
1.680000 0.051582
1.690000 0.037784
1.700000 0.019271
1.710000 -0.001273
1.720000 -0.021011
1.730000 -0.037302
1.740000 -0.048008
1.750000 -0.051737
1.760000 -0.048008
1.770000 -0.037302
1.780000 -0.021011
1.790000 -0.001273
1.800000 0.019271
1.810000 0.037784
1.820000 0.051582
1.830000 0.058458
1.840000 0.056980
1.850000 0.046712
1.860000 0.028337
1.870000 0.003666
1.880000 -0.024465
1.890000 -0.052410
1.900000 -0.076016
1.910000 -0.090996
1.920000 -0.093321
1.930000 -0.079606
1.940000 -0.047458
1.950000 0.004271
1.960000 0.075321
1.970000 0.163996
1.980000 0.267253
1.990000 0.380917
2.000000 0.500000
2.010000 0.619083
2.020000 0.732747
2.030000 0.836004
2.040000 0.924679
2.050000 0.995729
2.060000 1.047458
2.070000 1.079606
2.080000 1.093321
2.090000 1.090996
2.100000 1.076016
2.110000 1.052410
2.120000 1.024465
2.130000 0.996334
2.140000 0.971663
2.150000 0.953288
2.160000 0.943020
2.170000 0.941542
2.180000 0.948418
2.190000 0.962216
2.200000 0.980729
2.210000 1.001273
2.220000 1.021011
2.230000 1.037302
2.240000 1.048008
2.250000 1.051737
2.260000 1.048008
2.270000 1.037302
2.280000 1.021011
2.290000 1.001273
2.300000 0.980729
2.310000 0.962216
2.320000 0.948418
2.330000 0.941542
2.340000 0.943020
2.350000 0.953288
2.360000 0.971663
2.370000 0.996334
2.380000 1.024465
2.390000 1.052410
2.400000 1.076016
2.410000 1.090996
2.420000 1.093321
2.430000 1.079606
2.440000 1.047458
2.450000 0.995729
2.460000 0.924679
2.470000 0.836004
2.480000 0.732747
2.490000 0.619083
2.500000 0.500000
2.510000 0.380917
2.520000 0.267253
2.530000 0.163996
2.540000 0.075321
2.550000 0.004271
2.560000 -0.047458
2.570000 -0.079606
2.580000 -0.093321
2.590000 -0.090996
2.600000 -0.076016
2.610000 -0.052410
2.620000 -0.024465
2.630000 0.003666
2.640000 0.028337
2.650000 0.046712
2.660000 0.056980
2.670000 0.058458
2.680000 0.051582
2.690000 0.037784
2.700000 0.019271
2.710000 -0.001273
2.720000 -0.021011
2.730000 -0.037302
2.740000 -0.048008
2.750000 -0.051737
2.760000 -0.048008
2.770000 -0.037302
2.780000 -0.021011
2.790000 -0.001273
2.800000 0.019271
2.810000 0.037784
2.820000 0.051582
2.830000 0.058458
2.840000 0.056980
2.850000 0.046712
2.860000 0.028337
2.870000 0.003666
2.880000 -0.024465
2.890000 -0.052410
2.900000 -0.076016
2.910000 -0.090996
2.920000 -0.093321
2.930000 -0.079606
2.940000 -0.047458
2.950000 0.004271
2.960000 0.075321
2.970000 0.163996
2.980000 0.267253
2.990000 0.380917
3.000000 0.500000
3.010000 0.619083
3.020000 0.732747
3.030000 0.836004
3.040000 0.924679
3.050000 0.995729
3.060000 1.047458
3.070000 1.079606
3.080000 1.093321
3.090000 1.090996
3.100000 1.076016
3.110000 1.052410
3.120000 1.024465
3.130000 0.996334
3.140000 0.971663
3.150000 0.953288
3.160000 0.943020
3.170000 0.941542
3.180000 0.948418
3.190000 0.962216
3.200000 0.980729
3.210000 1.001273
3.220000 1.021011
3.230000 1.037302
3.240000 1.048008
3.250000 1.051737
3.260000 1.048008
3.270000 1.037302
3.280000 1.021011
3.290000 1.001273
3.300000 0.980729
3.310000 0.962216
3.320000 0.948418
3.330000 0.941542
3.340000 0.943020
3.350000 0.953288
3.360000 0.971663
3.370000 0.996334
3.380000 1.024465
3.390000 1.052410
3.400000 1.076016
3.410000 1.090996
3.420000 1.093321
3.430000 1.079606
3.440000 1.047458
3.450000 0.995729
3.460000 0.924679
3.470000 0.836004
3.480000 0.732747
3.490000 0.619083
3.500000 0.500000
3.510000 0.380917
3.520000 0.267253
3.530000 0.163996
3.540000 0.075321
3.550000 0.004271
3.560000 -0.047458
3.570000 -0.079606
3.580000 -0.093321
3.590000 -0.090996
3.600000 -0.076016
3.610000 -0.052410
3.620000 -0.024465
3.630000 0.003666
3.640000 0.028337
3.650000 0.046712
3.660000 0.056980
3.670000 0.058458
3.680000 0.051582
3.690000 0.037784
3.700000 0.019271
3.710000 -0.001273
3.720000 -0.021011
3.730000 -0.037302
3.740000 -0.048008
3.750000 -0.051737
3.760000 -0.048008
3.770000 -0.037302
3.780000 -0.021011
3.790000 -0.001273
3.800000 0.019271
3.810000 0.037784
3.820000 0.051582
3.830000 0.058458
3.840000 0.056980
3.850000 0.046712
3.860000 0.028337
3.870000 0.003666
3.880000 -0.024465
3.890000 -0.052410
3.900000 -0.076016
3.910000 -0.090996
3.920000 -0.093321
3.930000 -0.079606
3.940000 -0.047458
3.950000 0.004271
3.960000 0.075321
3.970000 0.163996
3.980000 0.267253
3.990000 0.380917
4.000000 0.500000
4.010000 0.619083
4.020000 0.732747
4.030000 0.836004
4.040000 0.924679
4.050000 0.995729
4.060000 1.047458
4.070000 1.079606
4.080000 1.093321
4.090000 1.090996
4.100000 1.076016
4.110000 1.052410
4.120000 1.024465
4.130000 0.996334
4.140000 0.971663
4.150000 0.953288
4.160000 0.943020
4.170000 0.941542
4.180000 0.948418
4.190000 0.962216
4.200000 0.980729
4.210000 1.001273
4.220000 1.021011
4.230000 1.037302
4.240000 1.048008
4.250000 1.051737
4.260000 1.048008
4.270000 1.037302
4.280000 1.021011
4.290000 1.001273
4.300000 0.980729
4.310000 0.962216
4.320000 0.948418
4.330000 0.941542
4.340000 0.943020
4.350000 0.953288
4.360000 0.971663
4.370000 0.996334
4.380000 1.024465
4.390000 1.052410
4.400000 1.076016
4.410000 1.090996
4.420000 1.093321
4.430000 1.079606
4.440000 1.047458
4.450000 0.995729
4.460000 0.924679
4.470000 0.836004
4.480000 0.732747
4.490000 0.619083
4.500000 0.500000
4.510000 0.380917
4.520000 0.267253
4.530000 0.163996
4.540000 0.075321
4.550000 0.004271
4.560000 -0.047458
4.570000 -0.079606
4.580000 -0.093321
4.590000 -0.090996
4.600000 -0.076016
4.610000 -0.052410
4.620000 -0.024465
4.630000 0.003666
4.640000 0.028337
4.650000 0.046712
4.660000 0.056980
4.670000 0.058458
4.680000 0.051582
4.690000 0.037784
4.700000 0.019271
4.710000 -0.001273
4.720000 -0.021011
4.730000 -0.037302
4.740000 -0.048008
4.750000 -0.051737
4.760000 -0.048008
4.770000 -0.037302
4.780000 -0.021011
4.790000 -0.001273
4.800000 0.019271
4.810000 0.037784
4.820000 0.051582
4.830000 0.058458
4.840000 0.056980
4.850000 0.046712
4.860000 0.028337
4.870000 0.003666
4.880000 -0.024465
4.890000 -0.052410
4.900000 -0.076016
4.910000 -0.090996
4.920000 -0.093321
4.930000 -0.079606
4.940000 -0.047458
4.950000 0.004271
4.960000 0.075321
4.970000 0.163996
4.980000 0.267253
4.990000 0.380917
