0.000000 6.500000
0.010000 6.579737
0.020000 6.657908
0.030000 6.732997
0.040000 6.803586
0.050000 6.868405
0.060000 6.926366
0.070000 6.976599
0.080000 7.018482
0.090000 7.051651
0.100000 7.076016
0.110000 7.091755
0.120000 7.099304
0.130000 7.099341
0.140000 7.092755
0.150000 7.080612
0.160000 7.064112
0.170000 7.044550
0.180000 7.023257
0.190000 7.001561
0.200000 6.980729
0.210000 6.961927
0.220000 6.946172
0.230000 6.934295
0.240000 6.926916
0.250000 6.924413
0.260000 6.926916
0.270000 6.934295
0.280000 6.946172
0.290000 6.961927
0.300000 6.980729
0.310000 7.001561
0.320000 7.023257
0.330000 7.044550
0.340000 7.064112
0.350000 7.080612
0.360000 7.092755
0.370000 7.099341
0.380000 7.099304
0.390000 7.091755
0.400000 7.076016
0.410000 7.051651
0.420000 7.018482
0.430000 6.976599
0.440000 6.926366
0.450000 6.868405
0.460000 6.803586
0.470000 6.732997
0.480000 6.657908
0.490000 6.579737
0.500000 6.500000
0.510000 6.420263
0.520000 6.342092
0.530000 6.267003
0.540000 6.196414
0.550000 6.131595
0.560000 6.073634
0.570000 6.023401
0.580000 5.981518
0.590000 5.948349
0.600000 5.923984
0.610000 5.908245
0.620000 5.900696
0.630000 5.900659
0.640000 5.907245
0.650000 5.919388
0.660000 5.935888
0.670000 5.955450
0.680000 5.976743
0.690000 5.998439
0.700000 6.019271
0.710000 6.038073
0.720000 6.053828
0.730000 6.065705
0.740000 6.073084
0.750000 6.075587
0.760000 6.073084
0.770000 6.065705
0.780000 6.053828
0.790000 6.038073
0.800000 6.019271
0.810000 5.998439
0.820000 5.976743
0.830000 5.955450
0.840000 5.935888
0.850000 5.919388
0.860000 5.907245
0.870000 5.900659
0.880000 5.900696
0.890000 5.908245
0.900000 5.923984
0.910000 5.948349
0.920000 5.981518
0.930000 6.023401
0.940000 6.073634
0.950000 6.131595
0.960000 6.196414
0.970000 6.267003
0.980000 6.342092
0.990000 6.420263
1.000000 6.500000
1.010000 6.579737
1.020000 6.657908
1.030000 6.732997
1.040000 6.803586
1.050000 6.868405
1.060000 6.926366
1.070000 6.976599
1.080000 7.018482
1.090000 7.051651
1.100000 7.076016
1.110000 7.091755
1.120000 7.099304
1.130000 7.099341
1.140000 7.092755
1.150000 7.080612
1.160000 7.064112
1.170000 7.044550
1.180000 7.023257
1.190000 7.001561
1.200000 6.980729
1.210000 6.961927
1.220000 6.946172
1.230000 6.934295
1.240000 6.926916
1.250000 6.924413
1.260000 6.926916
1.270000 6.934295
1.280000 6.946172
1.290000 6.961927
1.300000 6.980729
1.310000 7.001561
1.320000 7.023257
1.330000 7.044550
1.340000 7.064112
1.350000 7.080612
1.360000 7.092755
1.370000 7.099341
1.380000 7.099304
1.390000 7.091755
1.400000 7.076016
1.410000 7.051651
1.420000 7.018482
1.430000 6.976599
1.440000 6.926366
1.450000 6.868405
1.460000 6.803586
1.470000 6.732997
1.480000 6.657908
1.490000 6.579737
1.500000 6.500000
1.510000 6.420263
1.520000 6.342092
1.530000 6.267003
1.540000 6.196414
1.550000 6.131595
1.560000 6.073634
1.570000 6.023401
1.580000 5.981518
1.590000 5.948349
1.600000 5.923984
1.610000 5.908245
1.620000 5.900696
1.630000 5.900659
1.640000 5.907245
1.650000 5.919388
1.660000 5.935888
1.670000 5.955450
1.680000 5.976743
1.690000 5.998439
1.700000 6.019271
1.710000 6.038073
1.720000 6.053828
1.730000 6.065705
1.740000 6.073084
1.750000 6.075587
1.760000 6.073084
1.770000 6.065705
1.780000 6.053828
1.790000 6.038073
1.800000 6.019271
1.810000 5.998439
1.820000 5.976743
1.830000 5.955450
1.840000 5.935888
1.850000 5.919388
1.860000 5.907245
1.870000 5.900659
1.880000 5.900696
1.890000 5.908245
1.900000 5.923984
1.910000 5.948349
1.920000 5.981518
1.930000 6.023401
1.940000 6.073634
1.950000 6.131595
1.960000 6.196414
1.970000 6.267003
1.980000 6.342092
1.990000 6.420263
2.000000 6.500000
2.010000 6.579737
2.020000 6.657908
2.030000 6.732997
2.040000 6.803586
2.050000 6.868405
2.060000 6.926366
2.070000 6.976599
2.080000 7.018482
2.090000 7.051651
2.100000 7.076016
2.110000 7.091755
2.120000 7.099304
2.130000 7.099341
2.140000 7.092755
2.150000 7.080612
2.160000 7.064112
2.170000 7.044550
2.180000 7.023257
2.190000 7.001561
2.200000 6.980729
2.210000 6.961927
2.220000 6.946172
2.230000 6.934295
2.240000 6.926916
2.250000 6.924413
2.260000 6.926916
2.270000 6.934295
2.280000 6.946172
2.290000 6.961927
2.300000 6.980729
2.310000 7.001561
2.320000 7.023257
2.330000 7.044550
2.340000 7.064112
2.350000 7.080612
2.360000 7.092755
2.370000 7.099341
2.380000 7.099304
2.390000 7.091755
2.400000 7.076016
2.410000 7.051651
2.420000 7.018482
2.430000 6.976599
2.440000 6.926366
2.450000 6.868405
2.460000 6.803586
2.470000 6.732997
2.480000 6.657908
2.490000 6.579737
2.500000 6.500000
2.510000 6.420263
2.520000 6.342092
2.530000 6.267003
2.540000 6.196414
2.550000 6.131595
2.560000 6.073634
2.570000 6.023401
2.580000 5.981518
2.590000 5.948349
2.600000 5.923984
2.610000 5.908245
2.620000 5.900696
2.630000 5.900659
2.640000 5.907245
2.650000 5.919388
2.660000 5.935888
2.670000 5.955450
2.680000 5.976743
2.690000 5.998439
2.700000 6.019271
2.710000 6.038073
2.720000 6.053828
2.730000 6.065705
2.740000 6.073084
2.750000 6.075587
2.760000 6.073084
2.770000 6.065705
2.780000 6.053828
2.790000 6.038073
2.800000 6.019271
2.810000 5.998439
2.820000 5.976743
2.830000 5.955450
2.840000 5.935888
2.850000 5.919388
2.860000 5.907245
2.870000 5.900659
2.880000 5.900696
2.890000 5.908245
2.900000 5.923984
2.910000 5.948349
2.920000 5.981518
2.930000 6.023401
2.940000 6.073634
2.950000 6.131595
2.960000 6.196414
2.970000 6.267003
2.980000 6.342092
2.990000 6.420263
3.000000 6.500000
3.010000 6.579737
3.020000 6.657908
3.030000 6.732997
3.040000 6.803586
3.050000 6.868405
3.060000 6.926366
3.070000 6.976599
3.080000 7.018482
3.090000 7.051651
3.100000 7.076016
3.110000 7.091755
3.120000 7.099304
3.130000 7.099341
3.140000 7.092755
3.150000 7.080612
3.160000 7.064112
3.170000 7.044550
3.180000 7.023257
3.190000 7.001561
3.200000 6.980729
3.210000 6.961927
3.220000 6.946172
3.230000 6.934295
3.240000 6.926916
3.250000 6.924413
3.260000 6.926916
3.270000 6.934295
3.280000 6.946172
3.290000 6.961927
3.300000 6.980729
3.310000 7.001561
3.320000 7.023257
3.330000 7.044550
3.340000 7.064112
3.350000 7.080612
3.360000 7.092755
3.370000 7.099341
3.380000 7.099304
3.390000 7.091755
3.400000 7.076016
3.410000 7.051651
3.420000 7.018482
3.430000 6.976599
3.440000 6.926366
3.450000 6.868405
3.460000 6.803586
3.470000 6.732997
3.480000 6.657908
3.490000 6.579737
3.500000 6.500000
3.510000 6.420263
3.520000 6.342092
3.530000 6.267003
3.540000 6.196414
3.550000 6.131595
3.560000 6.073634
3.570000 6.023401
3.580000 5.981518
3.590000 5.948349
3.600000 5.923984
3.610000 5.908245
3.620000 5.900696
3.630000 5.900659
3.640000 5.907245
3.650000 5.919388
3.660000 5.935888
3.670000 5.955450
3.680000 5.976743
3.690000 5.998439
3.700000 6.019271
3.710000 6.038073
3.720000 6.053828
3.730000 6.065705
3.740000 6.073084
3.750000 6.075587
3.760000 6.073084
3.770000 6.065705
3.780000 6.053828
3.790000 6.038073
3.800000 6.019271
3.810000 5.998439
3.820000 5.976743
3.830000 5.955450
3.840000 5.935888
3.850000 5.919388
3.860000 5.907245
3.870000 5.900659
3.880000 5.900696
3.890000 5.908245
3.900000 5.923984
3.910000 5.948349
3.920000 5.981518
3.930000 6.023401
3.940000 6.073634
3.950000 6.131595
3.960000 6.196414
3.970000 6.267003
3.980000 6.342092
3.990000 6.420263
4.000000 6.500000
4.010000 6.579737
4.020000 6.657908
4.030000 6.732997
4.040000 6.803586
4.050000 6.868405
4.060000 6.926366
4.070000 6.976599
4.080000 7.018482
4.090000 7.051651
4.100000 7.076016
4.110000 7.091755
4.120000 7.099304
4.130000 7.099341
4.140000 7.092755
4.150000 7.080612
4.160000 7.064112
4.170000 7.044550
4.180000 7.023257
4.190000 7.001561
4.200000 6.980729
4.210000 6.961927
4.220000 6.946172
4.230000 6.934295
4.240000 6.926916
4.250000 6.924413
4.260000 6.926916
4.270000 6.934295
4.280000 6.946172
4.290000 6.961927
4.300000 6.980729
4.310000 7.001561
4.320000 7.023257
4.330000 7.044550
4.340000 7.064112
4.350000 7.080612
4.360000 7.092755
4.370000 7.099341
4.380000 7.099304
4.390000 7.091755
4.400000 7.076016
4.410000 7.051651
4.420000 7.018482
4.430000 6.976599
4.440000 6.926366
4.450000 6.868405
4.460000 6.803586
4.470000 6.732997
4.480000 6.657908
4.490000 6.579737
4.500000 6.500000
4.510000 6.420263
4.520000 6.342092
4.530000 6.267003
4.540000 6.196414
4.550000 6.131595
4.560000 6.073634
4.570000 6.023401
4.580000 5.981518
4.590000 5.948349
4.600000 5.923984
4.610000 5.908245
4.620000 5.900696
4.630000 5.900659
4.640000 5.907245
4.650000 5.919388
4.660000 5.935888
4.670000 5.955450
4.680000 5.976743
4.690000 5.998439
4.700000 6.019271
4.710000 6.038073
4.720000 6.053828
4.730000 6.065705
4.740000 6.073084
4.750000 6.075587
4.760000 6.073084
4.770000 6.065705
4.780000 6.053828
4.790000 6.038073
4.800000 6.019271
4.810000 5.998439
4.820000 5.976743
4.830000 5.955450
4.840000 5.935888
4.850000 5.919388
4.860000 5.907245
4.870000 5.900659
4.880000 5.900696
4.890000 5.908245
4.900000 5.923984
4.910000 5.948349
4.920000 5.981518
4.930000 6.023401
4.940000 6.073634
4.950000 6.131595
4.960000 6.196414
4.970000 6.267003
4.980000 6.342092
4.990000 6.420263
