10 0.000001
11 0.000002
12 0.000004
13 0.000006
14 0.000007
15 0.000009
16 0.000011
17 0.000014
18 0.000016
19 0.000019
20 0.000021
21 0.000023
22 0.000025
23 0.000027
24 0.000029
25 0.000031
26 0.000033
27 0.000035
28 0.000037
29 0.000039
30 0.000041
31 0.000042
32 0.000044
33 0.000045
34 0.000046
35 0.000048
36 0.000049
37 0.000050
38 0.000052
39 0.000053
40 0.000055
41 0.000057
42 0.000058
43 0.000059
44 0.000061
45 0.000063
46 0.000064
47 0.000065
48 0.000067
49 0.000069
50 0.000070
51 0.000071
52 0.000073
53 0.000075
54 0.000076
55 0.000077
56 0.000078
57 0.000079
58 0.000081
59 0.000083
60 0.000084
61 0.000085
62 0.000087
63 0.000089
64 0.000090
65 0.000091
66 0.000092
67 0.000094
68 0.000096
69 0.000097
70 0.000098
71 0.000100
72 0.000102
73 0.000104
74 0.000105
75 0.000106
76 0.000108
77 0.000109
78 0.000110
79 0.000111
80 0.000113
81 0.000115
82 0.000116
83 0.000117
84 0.000118
85 0.000120
86 0.000122
87 0.000124
88 0.000125
89 0.000126
90 0.000127
91 0.000129
92 0.000130
93 0.000131
94 0.000132
95 0.000133
96 0.000134
97 0.000136
98 0.000138
99 0.000140
100 0.000141
