100 0.002687
99 0.002659
98 0.002628
97 0.002602
96 0.002571
95 0.002540
94 0.002512
93 0.002485
92 0.002458
91 0.002431
90 0.002404
89 0.002374
88 0.002347
87 0.002321
86 0.002294
85 0.002265
84 0.002238
83 0.002212
82 0.002185
81 0.002155
80 0.002128
79 0.002102
78 0.002076
77 0.002050
76 0.002023
75 0.001996
74 0.001964
73 0.001934
72 0.001908
71 0.001882
70 0.001855
69 0.001829
68 0.001802
67 0.001773
66 0.001740
65 0.001714
64 0.001687
63 0.001660
62 0.001633
61 0.001607
60 0.001574
59 0.001547
58 0.001521
57 0.001494
56 0.001467
55 0.001440
54 0.001413
53 0.001383
52 0.001356
51 0.001330
50 0.001303
49 0.001277
48 0.001250
47 0.001223
46 0.001188
45 0.001156
44 0.001123
43 0.001089
42 0.001057
41 0.001027
40 0.001006
39 0.000981
38 0.000959
37 0.000926
36 0.000903
35 0.000881
34 0.000859
33 0.000834
32 0.000794
31 0.000714
30 0.000693
29 0.000671
28 0.000650
27 0.000628
26 0.000606
25 0.000563
24 0.000531
23 0.000505
22 0.000477
21 0.000443
20 0.000417
19 0.000388
18 0.000360
17 0.000331
16 0.000305
15 0.000277
14 0.000250
13 0.000224
12 0.000196
11 0.000163
10 0.000098
