10 0.000004
11 0.000071
12 0.000082
13 0.000089
14 0.000096
15 0.000103
16 0.000113
17 0.000128
18 0.000148
19 0.000164
20 0.000180
21 0.000196
22 0.000209
23 0.000223
24 0.000239
25 0.000254
26 0.000267
27 0.000284
28 0.000301
29 0.000317
30 0.000333
31 0.000349
32 0.000364
33 0.000379
34 0.000395
35 0.000411
36 0.000427
37 0.000442
38 0.000458
39 0.000474
40 0.000490
41 0.000505
42 0.000577
43 0.000594
44 0.000608
45 0.000625
46 0.000636
47 0.000645
48 0.000654
49 0.000663
50 0.000673
51 0.000682
52 0.000691
53 0.000700
54 0.000710
55 0.000719
56 0.000728
57 0.000737
58 0.000746
59 0.000755
60 0.000764
61 0.000774
62 0.000783
63 0.000792
64 0.000801
65 0.000810
66 0.000819
67 0.000829
68 0.000838
69 0.000847
70 0.000856
71 0.000865
72 0.000874
73 0.000883
74 0.000892
75 0.000901
76 0.000910
77 0.000920
78 0.000929
79 0.000938
80 0.000947
81 0.000956
82 0.000966
83 0.000975
84 0.000984
85 0.000993
86 0.001002
87 0.001012
88 0.001021
89 0.001031
90 0.001040
91 0.001050
92 0.001060
93 0.001069
94 0.001079
95 0.001088
96 0.001097
97 0.001107
98 0.001117
99 0.001126
100 0.001136
